89410114160701042558
89410114160701042525
89410114160701043762
89410114160701042830
89410114160701043770
89410114160701042905
89410114160701042384
89410114160701043515
89410114160701042590
89410114160701042806
89410114160701042319
89410114160701042772
89410114160701043986
89410114160701040529
89410114160701040131
89410114160701040099
89410114160701043168
89410114160701040362
89410114160701041972
89410114160701041907
89410114160701041196
89410114160701041550
89410114160701040537
89410114160701041139
89410114160701040495
89410114160701040917
89410114160701040461
89410114160701047789
89410114160701046062
89410114160701047359
89410114160701046955
89410114160701046963
89410114160701047060
89410114160701047003
89410114160701046724
89410114160701040172
89410114160701046930
89410114160701046898
89410114160701047144
89410114160701046948
89410114160701000598
89410114160701000341
89410114160701000275
89410114160701000952
89410114160701046443
89410114160701047615
89410114160701000705
89410114160701001927
89410114160701047656
89410114190701121706
89410114190701121490
89410114190701120963
89410114190701121607
89410114190701120369
89410114190701120831
89410114190701142181
89410114190701122258
89410114190701124072
89410114190701123629
89410114190701123017
89410114190701123470
89410114190701140102
89410114190701141803
89410114190701140672
89410114190701133099
89410114190701140581
89410114190701133230
89410114190701133255
89410114190701133271
89410114190701132380
89410114190701133487
89410114190701133529
89410114190701133735
89410114190701133412
89410114190701133511
89410114190701144146
89410114190701144385
89410114190701144898
89410114190701144716
89410114190701144559
89410114190701145838
89410114190701145697
89410114190701145275
89410114190701144914
89410114190701145069
89410114190701130186
89410114190701130525
89410114190701130723
89410114190701130301
89410114190701131549
89410114190701131382
89410114160701048639
89410114160701048886
89410114160701049033
89410114160701048910
89410114160701048829
89410114160701048985
89410114160701048993
89410114160701049041
89410114160701049132
89410114160701049454
89410114160701049579
89410114160701049421
89410114328701695515
89410114328701696034
89410114328701695812
89410114328701694708
89410114328701694849
89410114328701694633
89410114328701701875
89410114328701694112
89410115036702079881
